Ts,Run,Frame,dID,oID,R11,R12,R13,R21,R22,R23,R31,R32,R33,Tx,Ty,Tz
20.38.19.095,6,56217,object_6,2,0.99281,0.119704,-4.86907e-10,-0.119075,0.987595,0.102359,0.0122527,-0.101623,0.994748,-0.0386990681291,-0.180377133191,0.95340535976
20.38.19.095,6,56217,object_7,2,0.99281,0.119704,-4.86907e-10,-0.119075,0.987595,0.102359,0.0122527,-0.101623,0.994748,-0.0386990681291,-0.180377133191,0.95340535976
20.38.30.196,6,56351,object_6,1,0.999388,-0.0348994,-0.00218166,0.0278988,0.83342,-0.551936,0.0210805,0.551537,0.833884,-0.0642421208322,-0.00895298272371,0.68344659172
20.38.42.218,6,56484,object_7,1,0.937764,0.325188,-0.121869,-0.344507,0.915342,-0.20848,0.0437571,0.237489,0.970404,-0.22668043524,0.141235044226,0.715407627635
20.38.55.375,6,56598,object_6,2,0.996157,0.00869333,-0.0871557,-0.040739,0.926864,-0.373181,0.0775373,0.375298,0.923656,-0.368415569421,-0.0558114014566,0.99528080225
20.38.55.375,6,56598,object_7,2,0.996157,0.00869333,-0.0871557,-0.040739,0.926864,-0.373181,0.0775373,0.375298,0.923656,-0.368415569421,-0.0558114014566,0.99528080225
20.39.08.422,6,56711,object_6,2,0.99703,0.0697191,0.0327191,-0.0691762,0.997452,-0.0174431,-0.0338518,0.0151279,0.999312,-0.0339710116386,-0.0967568792403,0.991264333948
20.39.08.422,6,56711,object_7,2,0.99703,0.0697191,0.0327191,-0.0691762,0.997452,-0.0174431,-0.0338518,0.0151279,0.999312,-0.0339710116386,-0.0967568792403,0.991264333948
20.39.18.470,6,56824,object_7,1,0.955244,0.285225,-0.0784591,-0.295752,0.926482,-0.232726,0.0063119,0.245514,0.969372,-0.0213123168796,-0.00563749670982,0.737859763205
20.39.31.260,6,57021,object_6,2,0.998896,0.0436127,0.0174524,-0.0417943,0.994727,-0.0936596,-0.0214451,0.0928268,0.995451,0.0863624922931,0.1638400089,0.697120199911
20.39.31.260,6,57021,object_7,2,0.998896,0.0436127,0.0174524,-0.0417943,0.994727,-0.0936596,-0.0214451,0.0928268,0.995451,0.0863624922931,0.1638400089,0.697120199911
20.39.44.222,6,57154,object_6,2,0.99872,0.0065367,-0.0501572,-0.000383663,0.992565,0.121716,0.0505799,-0.121541,0.991297,-0.0938011095859,-0.0224114097655,0.727718137408
20.39.44.222,6,57154,object_7,2,0.99872,0.0065367,-0.0501572,-0.000383663,0.992565,0.121716,0.0505799,-0.121541,0.991297,-0.0938011095859,-0.0224114097655,0.727718137408
20.39.57.164,6,57298,object_7,1,0.944623,0.320656,-0.0697565,-0.327703,0.910587,-0.251877,-0.0172465,0.260788,0.965242,-0.237672753632,0.0785822831094,0.713676230982
20.40.12.131,6,57421,object_6,1,0.90652,0.384795,-0.173648,-0.394454,0.918612,-0.0236314,0.150422,0.0899186,0.984524,-0.198829568923,0.107607503422,0.721925051883
20.40.26.090,6,57585,object_6,2,0.985282,0.156053,-0.0697565,-0.167854,0.960425,-0.222282,0.032308,0.230719,0.972484,-0.196195907891,0.00568024814129,0.72680525016
20.40.26.090,6,57585,object_7,2,0.985282,0.156053,-0.0697565,-0.167854,0.960425,-0.222282,0.032308,0.230719,0.972484,-0.196195907891,0.00568024814129,0.72680525016
20.40.39.014,6,57688,object_6,2,0.999505,0.0174464,0.0261769,-0.0171659,0.999793,-0.0109044,-0.0263618,0.0104496,0.999598,-0.233209097758,-0.116444472224,0.975793551654
20.40.39.014,6,57688,object_7,2,0.999505,0.0174464,0.0261769,-0.0171659,0.999793,-0.0109044,-0.0263618,0.0104496,0.999598,-0.233209097758,-0.116444472224,0.975793551654
20.40.52.025,6,57903,object_6,1,0.996879,0.00869964,0.0784591,-0.0202272,0.988877,0.147354,-0.0763045,-0.148481,0.985967,-0.390704348683,-0.0531393075362,0.998128773645
20.41.04.021,6,57995,object_6,1,0.999998,-6.52426e-11,0.00218166,-0.00131675,0.797321,0.603554,-0.00173948,-0.603556,0.797319,0.166570115834,-0.225388266146,0.982531137764
20.41.16.355,6,58162,object_6,2,0.980021,-0.197162,-0.0261769,0.180567,0.937166,-0.298522,0.0833894,0.287831,0.954044,0.103192072827,-0.064084097743,0.743770422414
20.41.16.355,6,58162,object_7,2,0.980021,-0.197162,-0.0261769,0.180567,0.937166,-0.298522,0.0833894,0.287831,0.954044,0.103192072827,-0.064084097743,0.743770422414
20.41.30.258,6,58253,object_6,1,0.982223,0.182044,0.0457989,-0.187663,0.946437,0.262755,0.00448737,-0.266679,0.963775,-0.131277032197,-0.0981269441545,1.00192744099
20.41.43.266,6,58437,object_7,1,0.999962,-1.03587e-10,-0.00872654,-0.00278702,0.947629,-0.319361,0.00826952,0.319373,0.947593,-0.105242698453,-0.03325708583,0.720311082434
20.42.00.343,6,58540,object_6,2,0.999239,-0.0174418,0.0348995,0.0176804,0.999822,-0.00654095,-0.0347792,0.00715301,0.999369,-0.141454078257,-0.112080704421,0.982444677502
20.42.00.343,6,58540,object_7,2,0.999239,-0.0174418,0.0348995,0.0176804,0.999822,-0.00654095,-0.0347792,0.00715301,0.999369,-0.141454078257,-0.112080704421,0.982444677502
20.42.13.485,6,58746,object_6,1,1.0,0.0,0.0,0.0,1.0,0.0,0.0,0.0,1.0,-0.215417146683,-0.0454961881042,0.748000025749
20.42.23.453,6,58858,object_6,2,0.979014,0.188085,-0.0784591,-0.203243,0.929402,-0.308064,0.0149777,0.317546,0.948125,-0.227735430002,-0.143712116405,0.731734210189
20.42.23.453,6,58858,object_7,2,0.979014,0.188085,-0.0784591,-0.203243,0.929402,-0.308064,0.0149777,0.317546,0.948125,-0.227735430002,-0.143712116405,0.731734210189
20.42.36.387,6,59013,object_6,2,1.0,0.0,0.0,0.0,1.0,0.0,0.0,0.0,1.0,-0.215911448002,-0.0268438048661,0.744000077248
20.42.36.387,6,59013,object_7,2,1.0,0.0,0.0,0.0,1.0,0.0,0.0,0.0,1.0,-0.215911448002,-0.0268438048661,0.744000077248
20.42.49.334,6,59126,object_7,1,1.0,0.0,0.0,0.0,1.0,0.0,0.0,0.0,1.0,-0.232614293694,-0.00708095729351,0.725000023842
20.43.00.285,6,59290,object_6,2,0.999695,-0.0174497,-0.0174524,0.016152,0.997279,-0.0719217,0.0186599,0.0716179,0.997258,0.0135042150505,0.0594127699733,0.718224676326
20.43.00.285,6,59290,object_7,2,0.999695,-0.0174497,-0.0174524,0.016152,0.997279,-0.0719217,0.0186599,0.0716179,0.997258,0.0135042150505,0.0594127699733,0.718224676326
20.43.17.262,6,59413,object_6,1,1.0,0.0,0.0,0.0,1.0,0.0,0.0,0.0,1.0,-0.229811429977,-0.0323619060218,0.742000102997
