% % 
% ProCamCalib returns values in pixels; convert from px to mm;
mm = 30/200;
% % 



% Camera  0 (1280 x 960)
% dim_c = [1280; 960];
% =========
% Intrinsics
% ----------
KK_c = [ 2751.2563, 0.0, 659.50574;...
         0.0, 2748.7876, 468.82327;...
         0.0, 0.0, 1.0 ];
kc_c = [ -0.11257801, 0.5283736, -0.0012229452, 2.7836513E-4 ];
% reprojection RMSE (pixels) = 0.4360502

% Extrinsics
% ----------
rot_c = [ 1.0, 0.0, 0.0;...
             0.0, 1.0, 0.0;...
             0.0, 0.0, 1.0 ];
trans_c = [ 0.0;...
                0.0;...
                0.0 ];


            
% Projector  0 (1280 x 1024)
% ============
% Intrinsics
% ----------
KK_p = [ 3005.2651, 0.0, 617.3138
         0.0, 3044.5327, 959.3272
         0.0, 0.0, 1.0 ];
kc_p = [ -0.08109555, 0.18740083, -0.079360574, -0.0036399672 ];
% reprojection RMSE (pixels) = 1.7147328

% Extrinsics
% ----------
rot_p = [ 0.9661107, 0.004102593, -0.25809553
             -0.03580009, 0.9923402, -0.11823405
             0.2556335, 0.12346703, 0.95885736 ];
trans_p = [ 3211.3135
                138.34543
                -99.52782 ]*mm;

% % 

fc_c = [KK_c(1,1); KK_c(2,2)];
fc_p = [KK_p(1,1); KK_p(2,2)];

cc_c = [KK_c(1, 3); KK_c(2,3)];
cc_p = [KK_p(1, 3); KK_p(2,3)];

alpha_c_c = 0;
alpha_c_p = 0;

% size of kc should be 5, not 4 as given wit ProCamCalib
kc_c = [kc_c, 0];
kc_p = [kc_p, 0];